00000001010000000000001010010011
00000000101000000000001100010011
00000000000000000000010110010011
00000000001000101000001010010011
00000000001100110000001100010011
00000000000101011000010110010011
00000000011000101100100001100011
11111110011000101001100011100011
00000000101000000000100010010011
00000000000000000000000001110011
00000000000000000010100100010111
11111101100010010000100100010011
11111110101110010010101100100011
00000000000001011000100100110011
00000000011001011000010110110011
11111111011010010010010110000011
00000000000010010000101001100011
11111111111000101000001010010011
11111111110100110000001100010011
11111111111110010000100100010011
11111111000111111111000001101111
00000000001001011001010110010011
00000000101000000000100010010011
00000000000000000000000001110011
